000000
001000
002000
003000
004000
005000
006000
007000
008000
009000
000001
000002
000003
000004
000005
000006
000007
000008
000009
000010
000011
000012
000013
000014
000015
000016
000017
000018
000020
000022
000023
000024
000025
000026
000027
000028
000029
000030
000031
000032
000033
000034
000035
000036
000037
000041
000042
000043
000044
000046
000047
000048
000049
000051
000052
000053
000054
000055
000056
000057
000058
000059
000060
000062
000063
000064
000065
000066
000067
000068
000069
000070
000071
000072
000073
000074
000076
000077
000078
000079
000080
000081
000082
000083
000084
000085
000086
000087
000088
000089
000090
000091
000092
000093
000094
000095
000097
000098
000099
000100
000101
000102
000104
000106
000107
000108
000109
000110
000111
000112
000113
000114
000115
000116
000117
000118
000119
000120
000121
000122
000123
000124
000125
000126
000127
000128
001001
001002
001003
001004
001006
001008
001009
001010
001011
001012
001013
001014
001015
001016
001017
001020
001021
001022
001023
001024
001025
001026
001027
001028
001030
001033
001034
001035
001036
001037
001038
001039
001040
001041
001042
001043
001044
001045
001046
001047
001048
001049
001050
001051
001052
001053
001054
001055
001056
001057
001058
001059
001060
001061
001062
001063
001064
001065
001066
001067
001069
001070
001071
001072
001073
001074
001075
001076
001077
001078
001079
001080
001081
001082
001083
001084
001085
001086
001087
001088
001090
001091
001092
001093
001094
001095
001097
001098
001099
001100
001101
001102
001103
001104
001106
001107
001108
001109
001110
001111
001112
001113
001114
001115
001116
001117
001118
001119
001120
001122
001123
001124
001125
001126
001127
001128
002001
002002
002003
002004
002005
002006
002007
002008
002009
002010
002011
002012
002013
002014
002015
002016
002017
002018
002019
002020
002022
002024
002025
002026
002027
002028
002029
002030
002031
002033
002034
002035
002036
002037
002038
002039
002040
002041
002042
002043
002044
002045
002046
002048
002049
002051
002052
002053
002054
002055
002056
002057
002058
002059
002060
002061
002062
002063
002064
002065
002066
002067
002068
002069
002070
002071
002072
002073
002074
002075
002077
002078
002079
002080
002081
002083
002084
002085
002086
002087
002089
002090
002091
002092
002093
002094
002095
002097
002098
002099
002100
002101
002102
002104
002105
002107
002108
002109
002110
002111
002113
002114
002115
002117
002118
002120
002122
002123
002124
002125
002126
002127
002128
003001
003002
003003
003004
003005
003006
003007
003008
003009
003010
003011
003012
003014
003015
003016
003017
003018
003019
003020
003021
003022
003023
003024
003025
003026
003027
003028
003029
003030
003031
003032
003033
003034
003035
003036
003037
003038
003039
003040
003041
003042
003043
003044
003045
003046
003047
003048
003049
003050
003052
003053
003054
003055
003056
003057
003058
003059
003060
003061
003062
003063
003064
003065
003066
003068
003071
003073
003074
003075
003076
003077
003078
003079
003080
003081
003082
003083
003084
003086
003087
003088
003090
003091
003092
003093
003094
003096
003097
003098
003099
003100
003101
003102
003103
003104
003105
003106
003107
003108
003109
003110
003111
003113
003114
003115
003116
003117
003118
003119
003121
003123
003124
003125
003126
003127
003128
004002
004004
004005
004006
004007
004009
004010
004011
004012
004013
004014
004015
004016
004017
004018
004019
004020
004021
004022
004023
004024
004025
004027
004028
004029
004030
004031
004032
004033
004034
004036
004037
004038
004039
004040
004041
004042
004043
004044
004045
004046
004047
004048
004049
004050
004051
004052
004054
004055
004058
004059
004060
004061
004062
004063
004064
004065
004066
004068
004069
004070
004071
004072
004073
004074
004075
004076
004077
004078
004079
004080
004081
004082
004083
004084
004085
004087
004088
004090
004091
004092
004093
004094
004095
004096
004097
004098
004099
004100
004101
004102
004103
004104
004105
004106
004107
004108
004109
004111
004112
004113
004114
004115
004116
004118
004119
004120
004121
004122
004123
004124
004125
004126
004127
004128
005002
005003
005004
005005
005006
005007
005008
005009
005010
005011
005012
005013
005014
005015
005016
005017
005018
005019
005020
005021
005022
005023
005024
005025
005028
005029
005030
005031
005032
005033
005034
005036
005039
005040
005041
005042
005043
005044
005045
005046
005047
005048
005049
005050
005051
005052
005053
005054
005055
005056
005057
005058
005059
005060
005061
005062
005063
005064
005065
005066
005067
005068
005069
005070
005071
005072
005073
005074
005075
005076
005077
005079
005080
005081
005083
005084
005085
005086
005088
005090
005091
005092
005093
005094
005095
005096
005097
005098
005100
005101
005102
005103
005104
005105
005106
005107
005108
005110
005111
005112
005113
005115
005116
005117
005118
005119
005120
005121
005122
005123
005124
005126
005127
005128
006001
006002
006003
006004
006005
006007
006008
006009
006010
006011
006012
006013
006014
006015
006016
006017
006018
006019
006020
006021
006022
006023
006024
006025
006026
006027
006028
006029
006030
006031
006032
006033
006034
006036
006037
006038
006039
006040
006041
006042
006043
006044
006046
006047
006048
006049
006050
006052
006053
006054
006055
006056
006057
006058
006059
006060
006061
006062
006063
006064
006066
006068
006069
006070
006071
006072
006073
006074
006075
006076
006077
006078
006080
006081
006082
006083
006084
006085
006086
006087
006088
006089
006090
006091
006092
006093
006094
006095
006096
006097
006098
006099
006100
006101
006102
006103
006104
006105
006106
006107
006108
006111
006112
006113
006114
006115
006116
006117
006118
006119
006120
006121
006122
006123
006124
006125
006126
006128
007001
007002
007003
007004
007005
007006
007007
007008
007009
007010
007011
007012
007014
007015
007017
007018
007019
007020
007021
007022
007023
007024
007025
007026
007027
007028
007029
007030
007031
007032
007033
007034
007035
007036
007037
007038
007042
007043
007044
007045
007046
007047
007048
007049
007050
007051
007052
007053
007054
007055
007056
007057
007058
007059
007060
007062
007063
007064
007065
007066
007067
007068
007069
007070
007072
007074
007075
007076
007078
007079
007080
007081
007082
007083
007084
007085
007086
007087
007088
007089
007090
007091
007092
007093
007094
007096
007097
007098
007099
007100
007101
007102
007103
007104
007105
007106
007107
007108
007109
007110
007111
007112
007113
007114
007115
007116
007117
007118
007120
007121
007122
007124
007125
007126
007127
007128
008001
008002
008003
008004
008005
008006
008008
008009
008010
008011
008012
008013
008014
008015
008016
008017
008018
008019
008021
008022
008023
008026
008027
008028
008029
008030
008031
008032
008033
008034
008035
008036
008037
008038
008039
008040
008041
008042
008043
008045
008046
008049
008050
008051
008052
008053
008054
008055
008056
008057
008058
008059
008060
008061
008062
008063
008064
008065
008066
008067
008068
008069
008070
008071
008072
008073
008074
008075
008076
008078
008079
008080
008082
008083
008084
008085
008086
008087
008088
008089
008090
008091
008093
008094
008096
008097
008098
008099
008100
008101
008102
008103
008104
008105
008106
008107
008108
008109
008110
008111
008112
008113
008115
008117
008118
008119
008120
008121
008122
008124
008125
008126
008128
009002
009003
009004
009005
009006
009007
009008
009009
009011
009012
009013
009014
009015
009016
009017
009018
009019
009020
009021
009022
009023
009024
009025
009026
009027
009028
009029
009030
009031
009032
009034
009035
009037
009038
009039
009040
009042
009043
009044
009045
009046
009047
009048
009049
009050
009052
009053
009054
009055
009056
009057
009058
009059
009060
009061
009062
009065
009066
009067
009068
009069
009070
009072
009073
009075
009076
009077
009078
009079
009080
009081
009082
009083
009084
009085
009086
009087
009088
009089
009090
009091
009092
009093
009094
009095
009096
009097
009098
009099
009100
009102
009103
009104
009105
009106
009107
009108
009109
009110
009111
009112
009113
009115
009117
009118
009119
009120
009121
009122
009123
009125
009126
009127
009128
